PRAEFATIO. IX

1113, 377 1111111113, 379 1111111111, 381 Auferet, 1382 111· “

111111,38711111,402Η111,4081111111113ᾳς, 41011111
1111111111411171114131111113111418Η111111111(311),
428111, 4281111111, 43011113, 4371113113, 44211111,
461 1111488111 11111,4911111,413 11111331, 513
Fluctibus, 518 3111113 In Eu r0p1um116 ruptone,
1711113111,221111111,29111111, 41111111, 4211113,
44 Saepe 111111 111111,451111111,4811111111,491111111,
51 1111111115, 57 9111111111, 63 Α1111111, 74 nititur,
77 auitum, 87 1111111331, 91 Ε, 9631111, 112 1111111111,
1141131111, 129 1111111, 146 irrepere, 155 primumque..
produxit, 172 31113, 18411191, 188 11111311, 19311113,
1941111111111, 1951111 1111 uum, 196 Ρ11111, 201 pu·
111111, 2121111111, 223 Succedunt, 226 spoliis, 22711911,
233 1811 artae, 235 1111111111, 237 14111111, 238 Aversa,
250 Α33111131111111253 superare, 265 11111113, 272111-
11113.. ‚praelia (11· m mg. Quidum 31111 11111 119111),

231 211113, 296 Hauc, 297 1111111115, 301 111111, .

3321111111330111, 3371111113, 340111,353111,191 373
1111111111, 38111313, 3861111131111(111111 1133 (1111- ’
dum 1111113111 1111111 ), 1393 111311, 401 suspectu, 405 311- ·
113311 1113113, 420 tutum, 430 11111111, 4341111111,
447 1111111111, 462 1111111113, 47411, 475 Neu, 478
1111311111, 47911111113, 486 auerte, 493 91111113, 495
111111 31913, 502 111111, 504 At 1111 19113111. In Eutro-
3111111Π31311. 81111,1411111,2711113111113 (11 tin
1113.3111131311111),48011113111152111111131113111, 6531111;
1111Π8111111 11311111·1211113,18ν111111111(311),37
01311111, 381111, 4611111111, 48111,5011111,61111111,
85 111131,1111 103 (1111331111, 1126 1 13111111, 129111111-
111131316411111111111113,133111111...11111113,
19211111 111111, 205 1111133113, 207 uertentur, 216
1111111113, 1111113, 231 11111113, 239 Bithyna, 24011111,
250 Gruterum, 25511111111263 8111111113, 2681111111-

1111272 111111111273111111111, 27413111131111111111113,
275 Promisere, 276 Irrupit, 1273 rupibus, 280 Oybete,

2851111,2861111113293111111111123311113113,33“1

 

